9.4903 4.4029
18.268 -2.2422
14.143 -1.6308
17.613 0.16105
13.227 -0.23594
16.482 -0.73829
21.341 -0.049382
15.5 -0.65893
13.909 1.6997
14.561 -0.30202
15.74 -1.5975
17.157 -1.9437
16.11 -0.39238
13.304 0.23079
14.881 1.7216
20.954 -1.6384
20.064 1.7198
13.168 0.091939
15.614 1.592
18.392 -1.5425
17.248 0.90253
17.197 1.0361
10.536 1.5216
19.857 -1.0648
13.784 0.36086
13.926 0.38186
18.225 -1.579
17.879 -1.0621
17.376 2.2898
21.036 0.49542
12.521 2.4281
11.914 1.7826
17.987 1.1156
17.977 -1.178
15.3 -1.819
17.427 0.44105
13.263 0.70467
17.405 -2.4436
15.572 -0.25481
20.237 -3.1646
14.825 2.2073
13.851 -0.28381
18.773 -0.78482
16.964 -1.3743
13.792 0.27688
18.88 -0.77122
13.627 -0.54908
16.675 0.45239
15.333 0.62168
12.932 2.2805
19.496 -3.2149
19.381 -4.4402
13.79 0.96611
13.937 0.96783
16.363 -0.58834
17.39 0.60485
12.946 1.3543
13.399 0.083137
14.97 1.9635
15.751 -0.92679
14.595 1.3966
16.562 0.77918
18.992 -0.47476
20.266 -0.72095
13.348 1.2889
14.142 -0.71855
19.714 -3.2364
16.938 0.57122
14.449 2.0586
15.324 2.0307
21.438 -3.061
12.205 -0.26717
11.363 1.4696
17.367 0.56646
16.2 -0.97683
20.797 -1.9936
15.949 0.35068
17.067 -0.61309
15.344 0.51183
17.333 0.88618
13.501 -1.4567
15.325 1.1703
7.582 0.67461
16.95 -1.1935
15.131 0.99182
15.514 -1.8256
13.986 1.6655
18.54 -0.91981
12.314 2.3921
18.498 -0.27106
16.748 -2.7644
17.812 -2.0358
17.841 -1.4676
11.978 3.1482
11.862 2.5912
15.735 0.75622
14.326 0.73203
12.854 1.4935
19.154 1.2411
13.503 -0.87759
16.885 -0.62441
9.9723 1.0396
15.699 0.26265
20.067 0.48324
14.73 1.0078
21.478 -1.9621
15.829 -0.5799
15.88 -0.3251
20.248 -2.6641
18.855 -2.8256
18.509 -1.6968
16.29 -0.76704
19.473 -0.08499
16.99 -1.6352
18.533 -0.86343
16.328 -2.0884
20.376 -1.8026
14.809 1.7739
15.823 -1.3134
13.44 -0.44962
16.078 1.4003
19.726 -1.7543
16.714 0.98681
15.367 0.041705
21.805 1.3744
14.077 1.685
14.115 0.4509
16.269 0.77007
20.537 -1.8463
13.974 -0.12407
14.305 1.8344
13.48 0.68005
18.185 1.7443
18.885 -1.0067
20.473 -4.0448
17.294 -0.95994
15.662 0.69324
10.808 1.2825
21.833 -3.6524
21.209 -1.7276
20.647 -0.52994
19.658 -1.4289
14.676 0.12735
20.868 -0.95772
13.291 0.87468
18.872 -0.71167
16.633 -1.9883
17.69 0.21966
14.774 0.47206
15.584 1.0325
20.792 -2.1409
9.6514 2.8766
14.313 -0.075854
12.972 0.98209
16.242 -2.108
15.441 0.97528
14.085 -0.23851
10.684 1.3845
15.421 -0.86088
14.472 -0.3342
14.748 -1.9189
9.4258 0.27409
23.246 -3.6056
15.156 -0.34512
18.47 -2.7827
8.5317 2.4364
16.975 -0.6043
16.545 -1.0621
14.625 -0.5836
10.061 3.489
16.044 -1.1399
21.849 -1.0472
17.013 -0.22799
12.102 3.2712
10.186 1.1622
14.116 0.74257
21.045 -1.4877
13.596 -2.0439
15.05 0.5765
15.605 2.2928
18.022 -0.32694
14.581 0.66495
20.096 0.50097
15.427 1.3905
16.661 -2.2993
11.181 2.535
15.478 -1.7405
16.828 1.9602
16.069 -0.11444
18.966 -1.4494
18.817 -0.0018525
22.415 -3.6278
16.123 -0.57083
15.972 0.57898
15.525 0.36167
18.303 -0.68936
15.225 1.0684
14.561 -0.88737
15.955 -0.060536
18.363 -0.9614
15.847 -0.69594
16.069 0.78424
18.775 -1.7953
16.12 0.84261
19.359 -1.4636
11.748 4.9325
22.001 -2.6319
20.82 -0.73527
17.39 0.062005
20.926 0.35229
17.313 1.4844
20.518 -2.5921
13.299 1.0822
19.205 1.3098
14.117 0.95505
19.336 -2.9604
18.895 -0.86283
11.899 3.7149
13.02 0.73612
21.079 -4.0204
17.881 0.55249
12.758 1.0101
13.734 1.5478
18.423 -3.0409
16.749 -1.0082
15.311 -0.77135
12.38 0.72448
16.371 -1.8985
16.562 -2.451
15.177 -0.88165
11.555 4.0376
16.963 -0.17513
18.712 -1.1556
11.197 3.5734
16.456 0.74223
19.49 1.3705
15.41 -0.60175
12.567 1.5452
14.753 0.38338
15.816 1.0693
11.603 1.1588
13.597 1.5642
18.918 -1.0707
19.471 -0.068702
16.402 -1.3491
7.5845 2.1067
16.056 -0.11977
13.846 0.23777
16.103 0.23701
17.819 -1.1909
13.495 1.0566
20.537 -0.29525
17.247 -0.46257
17.373 -1.1413
22.045 -2.6712
14.675 0.48922
14.99 0.29968
12.682 0.28207
13.997 -0.86797
7.7976 3.7276
14.028 0.75964
16.779 -0.29667
16.264 -0.863
21.49 -2.6367
16.872 0.42673
14.732 -0.38814
11.676 3.6621
17.572 -0.21135
11.593 3.1098
17.155 -0.38213
9.974 2.5417
18.185 -2.6526
13.816 1.3412
20.945 -3.926
19.631 -0.66454
13.075 1.0336
17.015 -0.69004
14.788 -0.078501
14.134 0.09805
15.56 -0.55346
14.3 0.31599
16.624 -1.2175
15.756 -1.1039
18.925 0.49039
13.09 -2.2653
17.854 -0.33575
20.637 -1.5234
15.272 0.6287
13.423 2.398
18.31 -0.23859
18.251 -2.5841
11.335 1.1536
19.123 -1.4802
19.379 -1.3633
20.294 -0.16964
14.959 1.22
13.341 0.66087
10.203 1.2235
16.044 0.91582
16.83 0.3367
14.207 2.4929
19.646 -0.49092
14.447 -0.42963
10.461 3.1228
21.32 -1.6915
18.307 -1.0924
12.298 3.9664
20.254 -2.9274
13.113 2.7529
17.159 0.010913
16.137 -0.0258
12.15 0.64084
20.464 -0.76473
13.046 -0.10407
15.364 -0.016225
13.104 1.4029
10.64 2.3804
20.497 -1.7434
15.223 -0.19108
17.458 -1.7068
11.902 0.63442
12.184 1.6758
11.059 2.8086
19.001 -1.0948
10.845 1.0331
16.748 0.80235
17.953 -0.55841
16.959 -0.34339
14.58 0.43471
21.339 -2.4833
20.618 -0.42711
20.871 -1.9082
15.338 1.6659
19.216 -1.0491
15.999 1.1007
13.128 0.78276
13.006 -0.86111
21.323 -2.3051
15.341 -2.4643
13.221 2.2129
17.117 1.1877
14.77 -1.1272
15.868 -0.33702
16.337 -0.014604
12.75 0.58831
17.96 1.6274
17.949 -0.85601
20.264 -0.56079
19.331 -2.4276
15.258 0.82626
14.588 0.5637
17.808 0.55433
17.926 0.19228
16.735 1.3527
18.132 -1.2244
19.893 -0.46468
12.157 0.4481
19.107 -1.8676
12.64 0.91646
16.958 0.84809
13.681 2.5208
18.528 -1.9557
11.654 1.6681
21.477 -2.8236
14.986 2.4274
17.242 -1.2152
15.747 -0.69966
18.96 1.4521
19.712 -0.13868
11.006 4.7306
17.552 1.1406
15.672 0.97316
13.864 0.22227
18.736 -2.6765
12.134 0.62552
