-1.454964 5.142118 
-1.057988 -5.410215 
4.307847 1.268187 
3.109500 -2.005986 
3.993878 0.824427 
-0.614424 3.765698 
-3.649076 -2.347055 
3.763647 0.992905 
4.224283 -0.599970 
-4.015337 -0.278058 
-1.514353 -3.334022 
-1.807919 2.899983 
2.144544 -4.322139 
-3.772723 -1.604135 
1.670984 -3.482231 
-2.057700 3.753020 
-0.157593 -5.023431 
4.392680 0.511083 
4.340898 -0.940292 
-1.945673 -4.473274 
3.890480 -0.691393 
2.482026 3.651568 
1.645160 4.130759 
3.103933 3.460524 
4.135757 -3.182908 
3.678162 0.841060 
1.359533 -4.749443 
-2.447674 -3.431486 
-2.487134 2.682149 
-3.482033 3.376770 
3.515435 2.013046 
-3.827125 -3.868041 
-3.156754 -2.668298 
-0.398425 -4.603268 
1.124422 4.926524 
-2.158504 -3.315526 
-1.493861 4.731661 
3.357200 1.512401 
-1.028914 -5.374847 
2.502521 -2.765907 
5.224700 0.122577 
4.208534 -2.992444 
3.234548 4.254206 
-4.621843 -0.818729 
5.240637 -1.812255 
1.032722 -3.927379 
4.246743 -1.359394 
0.723341 3.644411 
0.342731 3.379204 
4.090943 -3.536839 
1.761767 -4.811668 
-3.984736 -0.129234 
-4.633099 0.510229 
2.464300 3.084060 
-0.746093 5.554849 
2.980517 3.458137 
5.305989 1.280254 
2.151635 2.930364 
3.404736 4.448072 
-5.525762 0.203072 
3.045358 -4.411187 
2.297611 4.518647 
-1.827659 3.558264 
0.621217 4.008708 
2.114488 -5.191535 
5.129406 -1.128110 
0.521905 4.607341 
0.697677 4.996593 
0.716482 4.892395 
0.088380 -4.701551 
5.178028 -0.099189 
0.608955 -4.789736 
-3.928413 0.607126 
0.693944 4.924843 
1.136491 -3.429504 
0.399542 -3.734183 
-5.116546 0.523269 
-4.395169 -2.406914 
3.341635 -0.861689 
4.298648 -0.519804 
-2.533035 3.574784 
-3.470378 -3.727446 
0.636524 -3.518375 
-1.522415 -4.995999 
2.989922 -3.406694 
-1.048461 -4.540681 
3.897135 3.313877 
-0.649525 3.987922 
4.264501 -3.253347 
-0.012066 -4.172751 
3.435851 2.473377 
-4.178479 2.514811 
3.814151 2.124075 
0.157232 -5.246528 
3.315307 -2.271017 
3.223892 -1.498989 
3.788325 2.061579 
-1.573978 -5.124441 
5.112370 1.085175 
3.666461 2.492377 
-2.748547 -1.974360 
3.647793 -1.214075 
-3.342702 -3.932749 
-3.158986 4.306411 
3.455762 2.399342 
1.248025 5.441773 
-0.230799 4.906768 
1.568444 3.868798 
-3.939905 2.889570 
2.219289 -4.517790 
4.097978 -3.082607 
-4.166587 3.197442 
-3.084609 1.878269 
2.059718 -4.018763 
-0.005392 -3.941409 
-2.099765 3.411461 
-4.105439 1.721475 
-2.025140 4.889679 
2.560278 -3.746190 
-2.167205 -3.637265 
-3.127038 -1.840672 
0.886786 4.378302 
-1.231906 -3.424565 
4.626334 2.646779 
-0.072989 -3.553949 
-4.766063 -0.734636 
5.155728 0.337572 
-2.821138 -2.755924 
-4.749668 2.060242 
3.803113 2.162787 
-2.352155 -2.857935 
3.389790 -4.301436 
4.541931 -2.477303 
5.009096 -0.638909 
-0.358458 4.644999 
-2.686153 2.236018 
-2.874024 -2.359627 
4.477110 -3.340618 
-4.632532 -2.497019 
-3.883234 3.955596 
1.571626 -4.224458 
-4.727356 -2.847637 
-4.694419 0.976321 
-1.856122 -3.286803 
2.304122 3.068464 
4.142364 0.762487 
0.063617 3.942004 
-2.551387 -2.985549 
5.444795 -0.590675 
-2.011636 -3.380676 
-1.392731 -4.757009 
0.705523 -3.400412 
2.556370 -2.376142 
-3.786416 0.449970 
-4.396744 1.955324 
-1.796703 3.343624 
-1.145880 4.178840 
1.098441 3.451823 
-3.378850 -3.943839 
2.402568 3.117843 
4.971955 2.388381 
0.527584 -4.931275 
4.757530 0.501347 
-2.935606 1.827261 
3.540236 1.152304 
3.779077 3.788709 
0.025845 -5.120563 
-3.957688 0.255121 
-4.120500 1.853676 
0.369338 -3.885781 
-4.844107 0.790747 
-3.990640 -1.906975 
-1.652557 3.980771 
1.583603 -4.905391 
0.560060 -5.333004 
0.637274 -5.146637 
-4.238557 -3.098603 
-4.130225 -0.517695 
0.337680 5.475922 
-1.840805 4.537990 
-1.163066 4.192217 
-5.030886 2.021914 
-4.469395 1.637320 
-1.417199 -4.881722 
-5.011148 -1.801173 
-3.538414 3.809207 
4.197677 -1.042659 
-3.398521 3.561281 
-5.500841 -0.668540 
-0.189141 -5.240798 
-4.402745 3.098306 
-4.721846 -1.997895 
-2.920718 -2.476776 
0.915377 -3.590932 
-3.705950 -1.913194 
-4.904933 1.642851 
3.099472 1.727165 
4.036285 1.730220 
4.312088 0.625274 
4.174728 0.063557 
0.539058 3.417818 
0.245817 4.261828 
-1.769832 -3.656380 
-2.070978 4.088372 
0.984524 -5.373098 
4.049024 0.762831 
-3.852735 1.396601 
-0.103536 3.487649 
-0.314584 -3.536296 
5.368594 -0.789381 
-1.587582 -4.417660 
3.438181 0.571926 
0.328262 4.859914 
-4.019863 -2.011318 
3.469725 -4.343079 
-0.307926 -4.600485 
0.492759 4.771555 
3.749145 -0.409156 
-3.264076 -2.247777 
-3.240823 1.758011 
1.118131 4.525397 
-4.294591 -0.664096 
-1.315361 -4.337845 
-3.834311 3.245377 
4.044866 -3.003364 
-2.414782 4.131445 
-4.423881 -1.481496 
1.042220 4.701931 
0.994643 -3.736707 
-4.163457 2.140194 
0.610774 -4.078932 
-0.538123 4.573395 
-1.732222 -4.027627 
4.433091 2.833937 
-0.134417 4.731732 
1.428018 4.465546 
3.786082 3.472025 
-3.443343 3.847498 
-5.196499 2.067562 
1.335295 3.098824 
-3.616696 -3.477023 
-0.181373 4.871429 
-4.786591 -0.844749 
1.291331 4.256059 
-4.867881 -2.288487 
5.255311 -1.950482 
-4.783878 -0.116615 
-3.187810 3.701478 
-2.082602 4.348897 
3.179380 3.381416 
3.784269 -4.147294 
2.082186 4.016915 
-2.098295 4.952257 
3.737529 -2.761620 
-3.657642 -3.862590 
1.802574 -3.771468 
-0.193213 -5.433493 
-3.425752 -3.824569 
5.078938 -1.185982 
4.176053 2.020527 
1.577394 5.153633 
3.037899 -1.726801 
0.769394 4.466959 
-2.624349 -4.108419 
-4.705078 -2.331986 
-0.672801 3.887982 
0.215083 -5.151122 
0.775767 5.303081 
-2.843862 4.608714 
2.855857 -4.604449 
4.108896 -2.292351 
-2.219539 3.164832 
1.927120 3.218188 
-2.294762 -3.406386 
-3.943791 -2.209948 
-3.933201 -3.513351 
-0.355724 5.592032 
4.037452 -1.196119 
-0.843293 -4.944807 
-3.426324 3.247354 
-3.393198 -3.126066 
-1.634023 5.073938 
0.493108 -4.396018 
4.327801 -0.827873 
-5.032301 -1.382829 
-1.001917 5.354791 
-2.476494 -2.359788 
-0.141373 5.293388 
-0.873001 -4.689061 
0.298258 -5.286402 
-3.962532 -2.924070 
-2.373395 -3.693579 
-4.466019 -3.305140 
-3.196719 1.867964 
-3.734800 0.392571 
-1.125610 -4.716407 
5.248001 -1.511341 
3.473689 0.169366 
0.909699 -4.513160 
3.224538 -1.773242 
0.471891 4.961109 
2.148231 -4.429352 
-2.832833 -2.662434 
0.923365 -3.517343 
-1.200090 3.989032 
5.073377 1.807356 
5.036181 -0.998216 
-3.191922 -4.575779 
3.474235 2.538598 
1.144661 -4.094290 
2.563717 -3.402300 
-1.528566 4.547806 
2.052916 -2.884006 
-2.252782 2.792855 
0.165211 -4.878264 
-4.675804 -1.852937 
-5.264599 -1.071051 
4.625187 -0.886732 
-3.624263 -1.325026 
-4.676864 -1.303118 
-5.464538 0.990178 
-4.159228 -3.204386 
-3.067194 4.650112 
5.020367 -2.242836 
-1.546533 -3.103595 
-1.183762 -3.888476 
-2.514612 4.005528 
-4.780080 -1.642891 
3.178368 -4.152773 
4.945418 1.976126 
0.482009 4.627582 
-3.421770 -4.440338 
3.195401 4.015360 
-3.376025 3.383971 
1.435196 -3.861487 
-4.963161 0.943960 
-3.722260 0.906526 
4.270319 -0.251180 
3.658062 4.177296 
-2.166564 -4.388448 
0.077212 4.815140 
1.570034 3.131320 
-3.583014 2.473071 
0.653559 -4.410987 
-5.350883 1.490056 
-4.006751 0.912278 
1.909194 4.472682 
0.290375 3.373218 
2.987950 4.328595 
-0.144522 3.418013 
-0.350520 4.157332 
-4.015666 2.503704 
-0.934098 3.362504 
-3.225395 2.806328 
1.920761 3.517691 
1.058463 4.566184 
-0.068572 -4.039725 
-4.153194 1.629293 
4.428828 1.805821 
5.501498 -0.176469 
-2.308069 -3.622083 
-2.517668 4.884825 
-4.184185 -0.842121 
5.431637 1.163073 
2.473424 -3.131485 
3.584950 -3.272070 
2.313295 -3.555453 
-2.777919 3.160164 
-0.392964 4.401542 
-1.821104 -5.122147 
2.757552 4.331152 
3.774232 2.981614 
0.479069 3.636880 
-2.567402 -3.002760 
2.440383 2.349213 
2.666284 4.293456 
-4.736668 0.152002 
-4.291402 0.500606 
-0.491101 -4.301079 
5.184942 -0.831397 
-2.758592 3.904269 
4.879527 0.226911 
-3.543537 -1.981764 
-2.982934 2.214819 
-3.846243 2.270590 
1.513690 5.003850 
-3.464421 -1.607277 
-4.211899 -0.214013 
-3.264418 -3.040263 
-2.087553 -4.307051 
-0.925727 5.282577 
-0.266432 3.899851 
-0.434998 3.794046 
-1.703980 4.322527 
2.949007 2.550543 
1.944970 -4.204865 
-1.588193 -3.732480 
-0.784672 3.700539 
1.180575 4.694094 
2.707951 -4.077724 
-2.074186 -3.741673 
5.015064 -0.636480 
3.739032 0.612566 
4.500144 1.500392 
-3.301671 -3.454267 
-4.438852 3.248658 
2.336672 4.276772 
-4.063985 -1.515082 
4.969715 -1.099304 
5.228851 -0.899015 
3.158689 -3.460998 
1.071324 -4.591393 
-3.503704 -3.965701 
3.552158 2.087146 
1.322186 -3.535990 
3.689800 4.200314 
-4.270818 0.044950 
-0.951140 -3.564689 
5.143568 2.060215 
0.231804 5.223485 
-0.630766 -3.895061 
3.980928 2.637600 
-3.934126 -3.841724 
4.490468 -2.119962 
2.996061 2.344472 
-3.456175 -3.368236 
-3.963913 -1.825603 
-2.632711 -3.333640 
5.549006 -0.207669 
-1.980816 4.346659 
-2.375232 2.648455 
-3.199081 3.741971 
3.031942 3.251868 
4.159760 2.762346 
4.462848 2.647008 
1.146695 5.373783 
4.193544 0.143132 
3.654556 -1.351172 
-0.892861 -5.108024 
-3.648993 1.555004 
-1.711754 -4.907477 
-2.862188 -2.230358 
-3.539649 -0.013686 
1.798563 -4.542623 
0.204940 3.946739 
1.823919 -5.255079 
-3.017177 -2.687744 
2.420111 4.276276 
-1.395318 -5.212224 
2.083325 3.877831 
3.711642 3.918233 
-3.643076 -1.805308 
-1.640356 -3.062093 
4.156750 3.570548 
-5.339682 -1.556169 
-3.649315 1.143007 
-0.725598 5.486469 
0.593963 4.402854 
2.633624 -2.784579 
-2.635575 3.175860 
-3.539671 -0.772700 
2.220930 2.724931 
-2.434252 2.633228 
1.469703 4.100969 
-4.249007 -2.368192 
-3.039789 1.498684 
-0.617117 3.581685 
3.248774 -4.336098 
5.352904 0.414062 
0.066373 -3.560367 
2.606528 -2.385907 
-3.676851 -0.223720 
-4.603320 -1.887701 
-3.857581 3.179160 
-5.331415 1.171441 
0.731591 4.869979 
-4.607251 1.195534 
-2.041450 -4.570255 
-1.090629 5.030695 
-4.051478 -1.909940 
4.620656 -1.947068 
3.462889 1.993416 
0.208922 3.415202 
-2.198079 -4.895360 
0.277200 -4.736949 
2.962954 3.793736 
-2.632231 -2.538955 
0.334578 4.026031 
-1.891946 -4.452740 
4.153010 1.595278 
2.140031 -4.240722 
-4.945713 -1.423881 
4.747069 0.649332 
3.243544 -1.637192 
-0.933269 -3.275839 
1.501477 3.783281 
-1.346363 3.423146 
4.319192 -3.268418 
1.416341 4.950834 
3.640519 -2.095726 
-2.433224 2.478913 
-3.535581 -2.843660 
-3.867150 -3.282837 
-1.335084 5.080600 
-2.700725 -4.770423 
2.647936 3.944844 
3.939794 1.150386 
-4.107545 1.276032 
-2.697630 -3.666958 
-0.122391 -4.418069 
2.279146 -3.268386 
4.659077 -1.716593 
4.374726 -0.440929 
-3.021397 -3.189699 
-3.805281 2.411621 
-1.603093 -3.941125 
-0.733022 -3.627565 
3.093362 -4.202896 
2.130239 -4.843592 
1.307293 -5.003449 
0.389582 3.727967 
-0.540611 3.379753 
-2.530442 2.521382 
0.942865 -4.271984 
3.528243 1.815121 
-1.586889 3.536394 
1.538166 5.003578 
-2.501125 4.083161 
1.236389 -4.400227 
1.168647 -4.187161 
2.607768 -2.374111 
3.444616 -4.344616 
-2.462860 -4.786273 
3.182637 1.768565 
-5.094200 2.050923 
-0.219536 -3.458359 
-3.563684 3.375229 
1.667523 4.759022 
-2.566981 -4.937404 
-4.588920 -3.058029 
-0.828907 4.720084 
3.485873 -3.463521 
-0.873368 5.450543 
-1.692633 4.457664 
-4.519687 3.068340 
-3.309407 1.324019 
-0.884567 -5.469794 
-3.532118 0.227042 
4.717833 -1.608850 
2.897281 -3.078950 
1.846290 -2.902240 
-1.947294 -4.619981 
4.122456 1.972169 
-2.968291 2.662953 
-3.517636 -3.654244 
-5.022475 -0.192931 
1.851933 -3.106927 
-1.309966 4.364363 
2.553160 -4.622537 
3.701043 1.473998 
2.505241 3.436133 
0.754402 -4.948653 
-3.385469 -2.673517 
3.854642 -3.479994 
4.236031 2.008291 
1.776506 -3.864076 
-4.182221 2.800268 
0.979853 5.435139 
0.672765 -5.548362 
-1.054797 3.365545 
0.841361 -3.530749 
4.657727 -1.085643 
3.518595 1.361857 
-1.374768 -4.064502 
4.928800 -1.010125 
5.556737 0.183238 
-3.351424 4.485337 
-5.022316 1.630487 
4.520942 3.144065 
0.564689 4.324241 
4.947580 1.474248 
-5.484995 -0.363617 
-4.106738 -2.809301 
1.150917 3.587230 
-2.429444 -4.107130 
3.448013 -4.020418 
-1.491851 -4.410364 
-0.685332 -3.386964 
-0.047384 3.648047 
-2.309903 -2.984504 
-0.090997 5.120241 
1.151369 -3.730819 
-1.030455 -3.819531 
0.804983 5.531005 
-0.003616 -4.965888 
2.279155 4.728914 
5.206198 0.054434 
3.550646 4.131036 
2.009109 4.127764 
5.469628 0.400287 
-1.232948 -4.615700 
5.029216 -1.017551 
-2.494963 -3.349740 
-3.825803 1.882954 
3.139011 -2.295378 
-2.068673 3.272114 
-3.763715 2.738265 
3.910845 -3.679003 
2.714875 -2.524511 
4.312161 -2.856980 
-1.748115 -3.983734 
5.185274 -0.546846 
2.956500 -4.687195 
0.414509 -5.227385 
4.317310 -1.125511 
-5.251745 0.123268 
-4.246714 -2.431262 
4.717977 -2.812993 
-0.084128 4.629105 
1.410045 -4.140252 
-4.353031 1.661308 
-4.782076 -0.081513 
-2.980896 -4.567727 
-3.956750 3.478156 
0.979133 3.460890 
-1.393964 -3.872880 
4.167552 -2.238930 
2.911138 1.707040 
-3.468545 -1.949603 
-3.366595 4.335095 
-4.171646 -0.187986 
-3.670556 0.629990 
-2.961481 -4.011604 
2.496286 3.888970 
3.668572 0.580211 
1.300131 -3.870984 
0.300408 3.427559 
3.385776 0.058733 
-1.719519 4.889522 
3.467304 -3.842125 
-3.421685 -4.330958 
-1.888174 3.872652 
3.987828 -1.359811 
-2.820800 3.140091 
1.323042 -4.006010 
3.972406 -2.347585 
-0.097117 -4.667415 
1.092835 3.925567 
0.143088 4.089596 
2.295900 -3.677219 
2.168263 4.752164 
-3.552890 -0.399854 
-2.219798 2.992050 
-5.518016 0.587073 
-4.519990 0.828827 
-4.223987 1.642490 
-0.143068 4.336193 
-2.766734 -3.553542 
-5.100256 -0.988960 
-4.037235 3.089769 
-1.273240 -3.857546 
-3.557119 1.656269 
0.100993 -4.055184 
3.600317 -2.081112 
-3.406552 -3.358308 
1.928613 -4.598898 
-1.279427 5.275224 
-5.307630 0.045146 
-4.764382 0.735433 
-3.834167 -3.658838 
4.645867 2.939477 
-2.878579 3.686290 
1.892370 -4.573313 
2.366001 -3.072852 
-4.183180 -2.992174 
-1.278279 4.721933 
3.708058 -4.171915 
-1.788720 -4.022329 
-1.950760 -4.181274 
2.494422 4.736518 
3.821202 3.559870 
-4.234297 -0.070956 
-3.158510 -3.132417 
1.665073 3.960908 
-4.980404 -2.025612 
3.438299 -1.157119 
-0.291078 5.001902 
-2.804223 2.421873 
2.771617 -2.129209 
-3.953702 -3.902078 
2.581042 -4.796687 
3.004418 2.503682 
-3.291375 -4.364170 
-3.225361 1.144708 
5.373898 -0.598391 
3.587343 -2.945109 
-2.674346 -3.971363 
-1.923644 5.251091 
-2.677390 4.699147 
3.038009 -2.584057 
-4.102453 -1.296362 
1.036518 4.253865 
-4.073571 -1.129234 
-2.656563 4.776029 
5.119566 -1.429611 
-2.913906 3.559766 
3.530838 -3.267290 
-0.090741 -3.752265 
0.013581 4.284710 
-0.898958 -3.425692 
4.624443 2.122050 
3.303919 2.134652 
0.453046 3.845141 
-4.621882 0.894209 
3.042000 -4.585928 
5.165684 -0.853619 
-0.487161 -3.995648 
-0.701400 -4.446432 
2.636348 -3.396139 
3.491092 -2.849614 
-2.210245 3.922276 
-1.946991 -3.482474 
2.446728 3.347552 
-2.583726 2.589733 
-4.235767 2.485272 
-2.341684 -3.258692 
-1.897447 4.835198 
-3.957016 -2.059380 
0.150326 -4.725805 
4.184888 -1.960900 
-3.080366 -3.041074 
3.780577 -1.343388 
2.073380 3.143479 
-3.043256 2.495357 
-0.039198 5.532218 
1.378520 -3.627190 
4.163454 3.139035 
4.176226 2.306042 
3.765623 -2.900237 
-3.997292 -1.683441 
3.828149 -0.821435 
-1.617041 4.147736 
3.835352 -0.604079 
3.379459 3.335710 
-0.838313 4.019580 
-0.224001 -4.764574 
-5.461663 0.573866 
-4.390307 2.810514 
1.947051 -3.592350 
-3.210139 -2.549726 
