1.422014 -0.530660 
-1.506218 -1.231862 
1.054270 -1.198166 
0.976215 -0.831534 
1.008328 -1.037971 
1.255767 -0.343351 
-1.418658 -1.303704 
-1.786257 -0.358822 
1.457907 -0.015260 
-1.757439 -0.655606 
0.231593 -1.464677 
-0.267937 -1.767457 
1.188406 -0.368918 
-1.298899 -1.010651 
-0.820326 -1.444781 
-0.747259 -1.456294 
1.221981 -1.084018 
-1.640592 -0.539344 
-0.709876 -1.711736 
0.417402 -1.312916 
-0.192130 -1.591225 
-1.645762 -0.600454 
0.315574 -1.450831 
-1.541776 -0.620874 
-1.150819 -1.369182 
-0.692359 -1.531649 
-0.600030 -1.504205 
-1.173662 -1.513150 
-0.470247 -1.753432 
0.139436 -1.653679 
1.428023 -0.206071 
-0.995679 -1.504852 
1.314489 -0.497152 
-1.853365 -0.053377 
1.459463 -0.200027 
0.097144 -1.384034 
1.243388 -0.710897 
-0.567342 -1.492394 
-0.593278 -1.454362 
-1.052736 -1.148658 
-1.212337 -1.244652 
1.025276 -1.055401 
1.056780 -0.975211 
-0.234333 -1.442275 
-0.077254 -1.645471 
0.066747 -1.585471 
-1.304728 -1.269768 
-0.056942 -1.645435 
1.237470 -0.922897 
1.340072 -0.873600 
1.286580 -0.808828 
-1.606993 -0.530818 
-1.504905 -0.723560 
-1.680715 -0.159098 
-1.454763 -0.828497 
-1.605644 -0.667890 
0.661727 -1.370783 
0.722253 -1.145324 
1.372931 -0.179152 
1.214670 -0.175904 
0.029127 -1.526353 
-1.262650 -1.419433 
1.349819 -0.121111 
0.337946 -1.663940 
-1.633072 -0.072233 
1.402925 -0.761742 
0.207131 -1.745344 
0.192644 -1.620689 
0.722934 -1.522548 
0.124000 -1.439764 
-1.638680 -1.035329 
1.180205 -0.358046 
1.512611 -0.176693 
1.327973 -0.612562 
0.698982 -1.126794 
1.199682 -0.335183 
-0.653089 -1.682779 
-1.457710 -1.113463 
0.896975 -0.928879 
-1.892767 -0.191767 
1.169494 -0.378758 
-1.717874 -0.422568 
1.401482 -0.456016 
-0.266193 -1.519130 
0.617444 -1.469096 
-0.719442 -1.487191 
-1.283154 -1.387996 
-1.166414 -1.278906 
-1.660344 -0.089102 
-0.841915 -1.522440 
1.296167 -0.171893 
0.160809 -1.362652 
-1.649376 -0.580535 
0.345713 -1.518424 
-0.747198 -1.374606 
0.960666 -0.759714 
-0.011452 -1.514732 
-0.703545 -1.325170 
0.055247 -1.624594 
-0.351103 -1.630756 
-0.318350 -1.640354 
-1.768776 -0.112722 
0.138850 -1.566830 
-0.036416 -1.679886 
0.488074 -1.651462 
-1.518428 -0.889362 
-0.430070 -1.742875 
-1.581636 -1.078493 
1.190471 -0.421680 
1.424237 -0.568158 
0.874178 -1.143583 
-0.749323 -1.548649 
0.837459 -1.407408 
-1.726029 -0.264308 
-1.825754 -0.171145 
-0.663386 -1.700039 
-1.983902 -0.077579 
1.542063 -0.075430 
-1.568713 -0.239438 
0.278120 -1.600436 
-1.658851 -0.515813 
-1.048899 -1.499843 
-1.937982 -0.436964 
-1.219639 -1.282133 
-1.758584 -0.516971 
1.062831 -1.144474 
0.725852 -1.130117 
-1.896618 -0.185801 
-1.032312 -1.338539 
1.494801 -0.052795 
0.354053 -1.561735 
0.116673 -1.697550 
1.298553 -0.413251 
0.419661 -1.576871 
-0.539491 -1.506374 
-1.728853 -0.223837 
-0.036649 -1.688393 
-0.988744 -1.409951 
0.385036 -1.651618 
-0.163023 -1.639249 
0.434394 -1.602088 
-0.820958 -1.383983 
1.201768 -0.112369 
-0.869538 -1.322645 
-1.914516 -0.470354 
0.970368 -1.021423 
-1.171044 -1.355521 
0.180858 -1.552018 
-0.249043 -1.618338 
-1.113523 -1.448561 
-0.217557 -1.437235 
0.857645 -1.320677 
-0.500167 -1.648825 
-1.378286 -0.786367 
0.277808 -1.539997 
1.058546 -0.582326 
-1.225599 -1.362761 
0.675064 -1.314984 
1.042104 -0.869111 
0.828986 -1.083210 
0.971003 -1.206520 
-0.833796 -1.446694 
-0.836293 -1.596472 
0.970193 -1.342494 
-1.259380 -1.414813 
1.070121 -0.563534 
-0.181207 -1.710728 
0.935076 -0.872526 
-0.365421 -1.395204 
-0.880252 -1.658953 
1.174985 -0.420169 
1.340734 -0.016048 
0.972876 -1.154650 
-1.761621 -0.621065 
1.043555 -0.791862 
1.375092 -0.844654 
1.063971 -1.234732 
1.208717 -0.441680 
-0.704469 -1.687630 
0.395171 -1.408399 
0.439049 -1.550052 
1.251008 -0.547327 
1.333906 -0.503728 
-0.798182 -1.697622 
-0.358268 -1.703527 
0.595415 -1.132848 
0.450386 -1.639901 
1.442087 -0.213683 
0.708166 -1.069722 
0.958622 -1.023509 
-0.889851 -1.359518 
-0.204409 -1.545846 
-1.453334 -1.120313 
0.857248 -1.407589 
0.950442 -0.863885 
0.384020 -1.369747 
-0.253516 -1.640063 
0.254699 -1.563788 
1.183020 -0.450314 
0.701662 -1.251799 
0.140902 -1.614724 
-1.046671 -1.115965 
0.923372 -0.856964 
-0.712819 -1.680776 
-1.876948 -0.311567 
-0.665637 -1.545817 
1.308910 -0.705247 
1.158054 -1.174433 
-1.568577 -1.114048 
-1.586208 -0.626381 
-1.131990 -1.310815 
-0.122413 -1.526200 
-0.998490 -1.218053 
1.282011 -0.836148 
1.201271 -0.595795 
-0.309664 -1.576697 
1.245830 -0.097820 
-1.265079 -0.907404 
-0.943195 -1.299944 
-1.620067 -0.182017 
1.219252 -0.487397 
-0.753313 -1.334008 
-1.683532 -0.124567 
-1.192791 -1.215326 
-0.408970 -1.526658 
-1.441135 -0.608648 
-1.680657 -0.399902 
-1.640096 -0.415970 
-0.857556 -1.457111 
1.100568 -0.819644 
0.010682 -1.512301 
0.490324 -1.479691 
1.262872 -0.261128 
0.159507 -1.643486 
-0.167760 -1.584571 
-1.630749 -1.067682 
-1.688268 -0.542867 
1.290824 -0.447998 
-1.495777 -0.746887 
1.239946 -0.210541 
-1.635036 -0.215225 
-1.208512 -1.440586 
-1.188006 -1.279489 
-1.665420 -0.197788 
1.531731 -0.025334 
0.745096 -1.518895 
-1.609707 -0.885466 
-1.389331 -1.307647 
-0.495720 -1.602042 
-1.350447 -0.924740 
-0.548371 -1.710364 
-1.828818 -0.363356 
-0.602755 -1.558628 
-0.991902 -1.492172 
-1.590492 -0.661958 
1.142181 -1.133053 
1.089770 -1.082666 
0.491765 -1.450674 
1.325775 -0.206812 
-0.653280 -1.726440 
0.069599 -1.521248 
1.133837 -0.576410 
-1.752572 -0.027100 
-1.617306 -0.426378 
0.646258 -1.482740 
0.446174 -1.675013 
-1.607671 -0.838465 
-1.092285 -1.383340 
0.932061 -1.071504 
-0.840153 -1.341341 
-1.405216 -1.130369 
-1.516899 -1.100866 
-1.836830 -0.723875 
1.261425 -0.574774 
-1.709127 -0.797520 
-1.554229 -0.576526 
-0.103264 -1.461365 
1.392210 -0.710345 
0.047728 -1.751918 
1.311680 -0.288748 
-0.545024 -1.686178 
0.750492 -1.068582 
-1.569039 -0.606154 
1.271524 -0.059587 
1.510074 -0.350903 
1.296872 -0.115375 
-1.471795 -0.653195 
-1.588251 -0.754717 
1.319548 -0.839740 
-1.685136 -0.970615 
-1.089507 -1.106220 
-0.905422 -1.420248 
-0.070370 -1.641643 
-1.620640 -0.619297 
0.970917 -1.249915 
1.232309 -0.801725 
-1.602820 -0.308412 
1.084121 -1.156008 
-1.514828 -0.880936 
-1.917678 -0.211616 
-1.300587 -1.005793 
-1.296507 -1.227164 
1.243835 -0.500002 
1.009702 -1.020805 
1.286428 -0.411475 
1.447332 -0.196823 
0.757113 -1.146293 
-1.801164 -0.202794 
-1.774822 -0.060228 
1.003200 -0.726124 
-0.633294 -1.374055 
0.224019 -1.540943 
-0.082575 -1.638234 
-1.372359 -0.931957 
0.448742 -1.465986 
-1.631739 -0.401581 
0.781536 -1.198637 
-1.722375 -0.948240 
0.648521 -1.096351 
-1.741999 -0.923371 
-0.822946 -1.681440 
0.035559 -1.587962 
1.032906 -1.184075 
-0.420106 -1.482899 
-0.842888 -1.251686 
1.296117 -0.468079 
-0.340034 -1.526539 
-0.450632 -1.745380 
-1.936178 -0.033894 
0.594251 -1.406166 
-1.371860 -1.230931 
-1.596009 -0.034778 
1.439944 -0.489246 
-0.700084 -1.525121 
-0.258153 -1.628844 
0.960209 -0.841156 
-1.629603 -0.071342 
1.224718 -0.279386 
0.941492 -0.943706 
-0.531264 -1.608439 
-1.312239 -0.847105 
1.387928 -0.524966 
-0.304288 -1.741638 
-1.742666 -0.697918 
0.562074 -1.192596 
0.717695 -1.090404 
0.964446 -0.796178 
0.942450 -1.261008 
1.449111 -0.623557 
1.114298 -0.962851 
1.174616 -0.433820 
0.117338 -1.486030 
0.991850 -0.781343 
0.934167 -1.346446 
0.814485 -1.052345 
1.493831 -0.515520 
-0.495307 -1.491169 
-0.532032 -1.373453 
0.786540 -1.303314 
0.226569 -1.632346 
-1.631292 -0.216509 
0.015802 -1.402154 
1.211957 -0.616865 
-0.024272 -1.586898 
0.292634 -1.656353 
1.136392 -1.114804 
0.700442 -1.301147 
-1.799880 -0.730318 
1.295028 -0.328336 
-0.645968 -1.417416 
0.672629 -1.071626 
1.437075 -0.447451 
-0.586795 -1.425967 
1.338372 -0.169404 
-1.957536 -0.104954 
