-0.190176 -0.195489 
-0.208340 0.107337 
-0.487379 0.131786 
-0.564656 -0.193942 
0.527243 -0.166957 
-0.433805 -0.113134 
0.309885 0.012886 
-0.498003 0.327460 
0.228204 -0.468230 
-0.237898 0.351961 
0.471269 -0.032767 
-0.210069 0.303144 
0.017560 -0.318837 
0.160543 0.435377 
0.374332 -0.359579 
-0.245406 0.430159 
0.520247 0.077217 
-0.083930 -0.241910 
0.213232 0.498794 
0.218398 0.052117 
-0.232932 0.033773 
-0.273003 -0.434381 
0.311156 0.142207 
0.254844 0.440753 
0.310281 0.114175 
0.186983 0.292870 
0.428625 -0.335559 
0.530199 -0.190154 
-0.275287 -0.305126 
0.427313 -0.086165 
-0.017068 -0.009155 
0.327969 0.429318 
0.319162 0.015448 
0.111393 -0.207118 
-0.377693 -0.324248 
0.553459 0.119164 
-0.295380 -0.282471 
-0.474315 -0.346517 
-0.511061 -0.197742 
0.081716 0.131507 
0.282170 0.496310 
0.077526 0.290039 
-0.290386 -0.088470 
0.242282 -0.217478 
0.540242 -0.153334 
0.317852 -0.281700 
-0.490393 0.063455 
-0.459706 0.324731 
-0.376504 -0.097972 
0.005594 -0.244859 
-0.166563 0.310165 
0.227587 -0.259231 
-0.002970 0.480654 
-0.251657 -0.263646 
0.351843 0.263339 
0.508046 -0.278546 
0.028312 0.134831 
-0.246944 0.168158 
0.103079 -0.032416 
0.398453 -0.323033 
0.398426 0.053617 
0.121057 -0.544323 
0.080718 -0.539238 
-0.393278 0.224058 
0.399236 -0.377583 
0.000652 0.140917 
-0.066717 0.021920 
0.294569 -0.286023 
0.470608 0.065612 
0.046975 0.437453 
-0.259441 -0.171654 
-0.198041 0.220222 
-0.202466 -0.446621 
-0.224980 -0.501693 
-0.071608 0.536569 
-0.168779 0.306237 
0.262694 -0.116459 
-0.046077 -0.356736 
0.307152 -0.112928 
-0.574857 0.063423 
0.150967 -0.114530 
-0.357417 0.432703 
-0.267750 0.205901 
-0.269540 -0.364869 
0.002066 0.556586 
-0.184300 0.517147 
0.136646 0.427626 
0.010620 0.365546 
0.373046 -0.318768 
-0.030194 0.237912 
0.371055 -0.314560 
-0.174897 0.017558 
-0.478686 0.229262 
-0.195085 0.169215 
0.181634 -0.526680 
0.029352 0.112274 
0.445975 -0.187792 
-0.041376 0.071057 
-0.478390 0.170867 
0.364759 -0.403330 
-0.064599 0.236064 
0.072985 -0.426207 
-0.084972 -0.050434 
0.159345 0.495484 
0.336898 -0.269091 
0.408590 0.427051 
0.093222 -0.311762 
0.266070 -0.109652 
0.054141 0.057053 
0.191815 -0.475353 
0.056447 0.115965 
0.348779 0.343761 
0.393605 0.163863 
0.266651 -0.255014 
-0.380178 0.148509 
-0.440097 0.128088 
-0.418389 0.402437 
-0.019617 -0.120905 
-0.020728 0.492854 
0.395783 -0.078475 
0.269134 -0.085083 
-0.472401 0.182401 
-0.332177 -0.161998 
-0.504483 0.058800 
-0.293306 -0.163953 
0.076887 0.557088 
-0.413199 0.320930 
-0.130596 0.544974 
0.307306 0.431566 
0.427217 -0.399742 
-0.189846 0.088724 
-0.042071 0.367331 
-0.156607 0.570089 
-0.254654 -0.477056 
-0.014051 0.397061 
-0.416040 -0.386810 
0.531262 0.008407 
-0.087209 -0.547966 
0.223650 0.328725 
-0.040033 0.475455 
-0.370729 -0.388450 
-0.330150 -0.073575 
-0.116758 -0.555367 
-0.367361 -0.071934 
-0.010967 -0.424194 
0.150149 -0.425496 
-0.012165 0.387059 
0.380047 -0.110122 
0.241312 -0.168086 
0.011524 -0.089840 
0.206917 -0.500769 
-0.146799 -0.118504 
-0.518545 0.001788 
0.104941 -0.446361 
-0.334264 -0.416178 
0.522112 0.089091 
0.286229 -0.491747 
0.362161 -0.322986 
-0.053081 -0.205861 
-0.469677 0.327038 
0.110299 0.247929 
-0.474982 -0.061995 
0.165853 0.190206 
-0.128926 0.490073 
0.580564 0.136673 
-0.490235 -0.301379 
0.261389 0.200790 
0.083726 -0.229910 
-0.124186 -0.102837 
-0.032952 0.240466 
-0.028428 0.528369 
-0.208181 -0.191099 
-0.099092 -0.334430 
0.464688 -0.273269 
0.358399 -0.218439 
0.459966 0.030276 
0.126879 0.299944 
0.188944 0.257480 
0.225203 -0.113295 
0.487137 0.296172 
0.542366 -0.188975 
0.294209 -0.450899 
-0.136155 -0.049064 
-0.453437 -0.252856 
0.393190 -0.404867 
0.155020 -0.544636 
-0.084756 -0.235982 
0.025921 0.520819 
-0.133162 -0.016389 
0.402714 0.229732 
-0.037424 -0.289423 
0.246309 -0.358585 
-0.287857 -0.423914 
-0.234032 0.177840 
0.422602 0.008998 
-0.207007 -0.126008 
0.290431 -0.064945 
0.452084 -0.284172 
-0.114377 -0.528855 
0.092158 -0.260069 
-0.335733 0.116730 
0.430373 0.151304 
0.209690 0.236130 
-0.430771 0.327605 
0.047146 -0.518683 
0.047499 0.133934 
0.263085 -0.119964 
0.120254 -0.292495 
0.017546 -0.096140 
-0.094805 -0.566445 
-0.158727 -0.220236 
-0.170441 0.486995 
0.053857 0.471338 
-0.485165 0.041834 
0.408135 -0.150416 
0.163791 0.443868 
-0.072646 0.353949 
-0.298731 0.082548 
0.141654 -0.111470 
0.214282 0.069626 
-0.172665 0.468675 
0.148853 -0.555641 
-0.181598 -0.508026 
0.067184 -0.558291 
-0.021825 -0.244760 
